0.28667608986757925 8.183306055646482E-4 0.005839904776074989 0.2474334176461836 0.00900163666121113 0.030984972474334176 0.05646481178396072 0.025926201458116353 0.11181371819669692 0.22504091653027825 
0.0010709714494684325 0.0012276989786589349 0.011676200924692423 0.003892066974897474 0.0024031554475877023 0.008881226654128464 0.2791578507431497 0.5332654180706841 0.09330512237807904 0.0651202883786537 
0.04810752443737213 0.005200045464878382 0.006393498522391452 0.009917026596953853 0.6481586724255513 0.11343487156171857 0.028273471243464424 0.029893157535803593 0.03128551943623551 0.07933621277563083 
0.03685949342488826 0.0011498348124635617 0.0027531256073071195 0.20483254518364968 6.963788300835655E-4 0.004809872384530673 0.042997344043531775 0.0011336399559499903 0.5146725400012956 0.1900952257562998 
0.009158327376697641 0.0033952823445318084 0.005718370264474625 0.0010275196568977842 0.17820764832022873 0.028815225160829162 0.1562723373838456 0.3427448177269478 0.22806468906361688 0.04659578270192995 
0.004414309425433485 0.002436698802839284 0.00949959388353286 0.0025073277536462194 0.0029311014584878343 0.009958682063777943 0.13793834092594554 0.6598509729137974 0.07009923367588375 0.10036373909665572 
0.002442159383033419 0.003984575835475578 0.019151670951156812 0.004241645244215938 0.032647814910025705 0.10218508997429306 0.07210796915167095 0.7019280205655527 0.021979434447300772 0.03933161953727506 
0.01687138218269095 0.0016236058167443173 0.012424114075956515 0.0052943667937314694 0.07503882535648737 0.039319497388112384 0.1517718480869688 0.409431032048567 0.07179161372299873 0.2164337145277425 
0.11087007967184666 0.003904709316084247 0.007651652599195393 0.6266861244774 0.005206279088112329 0.00800662617338487 9.071546895953301E-4 0.024374852094344087 0.030724934921511397 0.18166758696852567 
0.012482146183940881 0.0011178041358753028 0.04471216543501211 0.0015525057442712538 0.011053840899211327 0.11799043656461529 0.050052785195305226 0.6559647270694902 0.08458051294789791 0.02049307582438055 
0.06498740554156171 0.06491543720762864 0.0028787333573227778 0.11428571428571428 0.01964735516372796 0.004821878373515653 0.10917596257646635 0.2249730118747751 0.04649154372076286 0.34782295789852463 
0.007962610351393456 0.008481911026484334 0.0017310022503029255 0.05193006750908776 0.38843690496797645 0.030292539380301194 0.06404708326120824 0.19768045698459408 0.2245109918642894 0.024926432404362125 
0.15303351927728687 0.0037024238534827465 0.004541639926938836 0.10786394826479735 0.027052376956113938 0.029520659525102435 0.263513847065212 0.16813940859949647 0.05983116947228119 0.18280100705928815 
0.01727286959244377 0.010228043625737097 0.03360642905599332 0.02901424620362156 0.0026613786985336327 0.005479309085216303 0.25392683817773837 0.26582476647706516 0.34509210457652767 0.0368940145071231 
0.09160849384159936 0.005025401118380176 0.004294433682979423 0.4782719929827126 6.2132232009064E-4 0.004458901355944593 0.014381784291509813 0.035488468988706556 0.025236650707210994 0.3406125507108658 
0.006142796389925814 0.01540424325473704 0.023673392241175636 8.977933185276189E-4 0.0013703161177526816 0.03610074186079478 0.010915276662098947 0.3516514671832916 0.1976090346359212 0.3562349383357747 
0.004131489132387282 0.021196335548769533 0.014370396982216633 0.02604634453026765 0.013292617208550387 0.020657445661936412 0.3953655469732351 0.2778875516436142 0.08155200287407939 0.1455002694449434 
3.280167288531715E-4 2.8701463774652506E-4 0.0287834679568658 4.920250932797573E-4 2.050104555332322E-4 0.9552667186026488 0.01000451023002173 0.0024601254663987864 0.0016400836442658575 5.330271843864038E-4 
0.048257862455957194 0.0025055461307581886 0.004280307973378573 0.019365783635651834 0.001513767453999739 0.007177345687067728 0.3277306537909435 0.2937752838313976 0.23452955761451127 0.06086389142633433 
0.013780125053117221 7.588174588720937E-4 0.9208249863412857 7.284647605172099E-4 0.0014721058702118618 0.0152218782249742 0.016951982031202573 0.011002853153645359 0.01869726218660839 5.615249195653493E-4 
0.0036907094363694353 0.0030528090399599035 0.01749669658723288 0.001412493734906821 0.002870551783842894 0.0358135508269923 0.2552057228778421 0.5917893106119287 0.07426983186768123 0.014398323233243724 
0.009101439682277015 0.00289591262617905 0.004137018037398643 0.005957305973854046 0.25798444481217936 0.02341552209167632 0.3456892272050306 0.16448783716697005 0.12055270560979646 0.06577858679463842 
0.010890454836643177 0.0016655989750160153 0.007815502882767457 0.009224855861627163 0.013581037796284433 0.005124919923126201 0.06995515695067264 0.819859064702114 0.0393337604099936 0.022549647661755285 
0.027302378421959175 0.002052259317623777 0.0960530655623557 0.0037746912449151612 0.002308791732326749 0.029427932715212372 0.17766702092571554 0.5080074760875142 0.09110565470736981 0.06230072928500751 
0.04496815286624204 0.0074309978768577496 0.011125265392781317 0.020976645435244162 0.007346072186836518 0.08428874734607218 0.29821656050955414 0.022632696390658173 0.354140127388535 0.14887473460721867 
0.01380991064175467 0.007311129163281885 0.011372867587327376 0.012997562956945572 0.024370430544272948 0.06498781478472786 0.08042242079610074 0.7384240454914703 0.03574329813160033 0.010560519902518278 
0.0023423193220050253 0.0023423193220050253 0.018270090711639198 0.0026404326902602104 0.0034921851709893105 0.050338571611089816 0.1479494059026447 0.6386865976747157 0.057450704825177806 0.07648737276947319 
0.015351147231457538 0.014571276115420926 0.009317407544226901 0.8167713335796084 0.0032426220087838115 0.008824857365677462 0.0010261462053113327 0.01067192053523786 0.02811640602553052 0.09210688338874523 
0.01186777819994189 0.008045951321994501 0.011934827794291844 0.038620566345573606 0.001519790805265628 0.0058780144380126504 0.20012068926982993 0.31524484276870124 0.11512415349887133 0.2916433855575174 
0.363443611771157 0.001443977335039298 0.011752878815573022 0.15920307073661122 8.590751233778103E-4 0.09987205264119906 0.06823249862913544 0.02410893803692195 0.0444708462803875 0.2266130506305977 
0.02602701739095987 0.0011488333399358238 0.00415956898942281 0.016044051816345127 0.15117062155845185 0.0054272471576278574 0.3778077090678604 0.1305312363823634 0.1751772768688349 0.11250643742819792 
0.014436016638120872 9.787129924149743E-4 0.010398825544409102 0.008115161895440828 0.017902291819590573 0.013865100725878803 0.37961830193295815 0.5356414648071119 0.004159530217763641 0.014884593426311068 
0.0028749401054144704 0.005989458552946814 0.0023957834211787254 0.0023957834211787254 0.022280785816962148 0.019405845711547676 0.0785816962146622 0.8097747963584092 0.04240536655486344 0.013895543842836608 
0.0025330396475770926 0.0052863436123348016 0.004955947136563877 0.002312775330396476 0.007709251101321586 0.003524229074889868 0.09361233480176212 0.7674008810572687 0.10605726872246696 0.006607929515418502 
0.6829863851617995 0.009298539857932123 0.0029350828729281767 0.05223954222573007 0.001627861089187056 0.005056235201262826 0.019189029202841358 0.06770422257300711 0.09397198105761642 0.06499112075769534 
0.004381112537062442 0.0025667123954507235 0.03106607071735186 0.0029207416913749613 0.25742355179891135 0.014293932822941098 0.23326105235208214 0.29163163251759083 0.04757268663981944 0.11488250652741515 
0.10144064326396902 0.007407958902579757 0.016156051073967913 0.0741540408740647 0.011353906860737818 0.02334065443174627 0.025127498790157465 0.2848899973941853 0.2917767933588951 0.16435245504969662 
0.0030224525043177895 0.0028065630397236616 0.01079447322970639 0.0030224525043177895 0.0025906735751295338 0.011658031088082901 0.08398100172711571 0.7707253886010362 0.10449050086355786 0.0069084628670120895 
0.011645887696916981 0.002271189716826133 0.003044360684256306 0.0034792693534357786 0.3357494926065526 0.02909055764956026 0.21498985213105248 0.28394703778873104 0.01913598144389678 0.09664637092877162 
0.7223549228878733 0.0022505419249727312 9.112623745288359E-4 0.049484308338050724 3.1756113051762465E-4 4.1421017024038E-4 0.11284465737915418 0.012122550982368453 0.08249685890620902 0.016803125906084748 
0.002922242927325089 0.0041927833305099105 0.008216161273928511 0.015881755039810267 0.008597323394883958 0.004912756225647976 0.35592071827884125 0.34537523293240724 0.15797052346264612 0.09601050313399966 
0.0011612378795796319 0.011089821749985485 0.0022644138651802823 0.006096498867793067 0.0012192997735586135 0.02990187539917552 0.11217557916739244 0.7924287290251408 0.02984381350519654 0.01381873076699762 
0.035223729670514875 0.004129097497261313 0.00219094969242437 0.04284991994606893 0.5566276228195837 0.002907221707255414 0.06037751748546389 0.10562905536361337 0.015378781494901829 0.1746861043229123 
0.17480237154150197 0.0022068511198945983 5.599472990777338E-4 0.04456521739130435 0.0012187088274044796 0.008465085638998683 7.905138339920949E-4 0.007147562582345191 0.7337285902503293 0.026515151515151516 
0.18149449297379416 0.0019939232814280288 0.02753513102924421 0.011441321686289403 0.24672426889479682 0.1792631978731485 0.04002088872009115 0.11313140903911888 0.09760729206228637 0.1007880744398025 
0.6517150395778364 0.014511873350923483 0.021108179419525065 0.0158311345646438 0.011873350923482849 0.17941952506596306 0.011873350923482849 0.0079155672823219 0.014511873350923483 0.0712401055408971 
0.011285324453078026 0.00481013829147588 0.008602747328985708 0.0052264002590074465 0.0018963045187549142 0.03390222468895981 0.08889505573285232 0.6952037371074419 0.11659960223856436 0.0335784653808797 
0.4594122695392264 0.02864668106892368 9.765914000769435E-4 0.22686514160575302 0.0027522121274895684 0.015743837116391938 0.0030777425941818826 0.10511674706282738 0.04480482968837856 0.11260394779675062 
0.03717948717948718 0.023076923076923078 0.04230769230769231 0.028205128205128206 0.07564102564102564 0.04230769230769231 0.1 0.5487179487179488 0.05897435897435897 0.04358974358974359 
0.00872093023255814 0.004069767441860465 0.0069767441860465115 0.029651162790697676 0.009883720930232558 0.011046511627906977 0.061046511627906974 0.2651162790697674 0.5895348837209302 0.013953488372093023 
0.3155936392400766 0.0019419057836200927 0.0014801939189831475 0.21468243729545486 0.0019011665014462445 0.006586183951438776 0.013389644074471407 0.05202406333600402 0.16538790586509866 0.2270128600334062 
0.011688311688311689 0.008441558441558441 0.005194805194805195 0.01753246753246753 0.02077922077922078 0.10519480519480519 0.06558441558441558 0.6694805194805195 0.08636363636363636 0.00974025974025974 
0.3557058849537958 0.0015032939824026175 0.026838219038776142 0.009815625414511208 0.005703674227351107 0.02405270371844188 0.0428438784984746 0.04417031436530044 0.4823805102356634 0.006985895565282752 
0.23471646385995662 0.041853462320648085 0.0064830732238963604 0.30009775171065495 0.011460545387130481 0.006775204772980079 0.06714531297401152 0.054201638183840634 0.02441545600611229 0.25285109156076896 
0.06897671900378993 0.0016783974011911208 0.055982674607471576 0.03584190579317813 0.043367623172712505 0.06350839198700596 0.3270167839740119 0.03854899837574445 0.0029236599891716295 0.3621548456957228 
0.06871297792137857 7.000538502961766E-4 0.006462035541195477 0.007431340872374798 0.03785675821217017 0.06144318793753366 0.1250942380183091 0.6735595045772752 0.00210016155088853 0.016639741518578353 
0.001229592185258556 0.0030739804631463898 0.0033472231709816246 0.0012979028622173646 0.0027324270783523463 0.0013662135391761731 0.22679144750324476 0.6752510417378236 0.08374888995149941 0.0011612815082997472 
0.47841169412021384 8.508781498854588E-4 0.0013308606959746918 0.2692702083560598 0.0013090433075160903 7.636085960510527E-4 0.04300207265190357 0.012283189702192648 0.04592560270535617 0.14685284171484672 
0.015667998224589436 0.0019973368841544607 0.0039946737683089215 0.017177097203728363 0.5349755881047492 0.013271193963604084 0.18965823346648913 0.08450954283177985 0.020994229915668 0.11775410563692854 
0.010898098798822687 0.002983056240553655 0.04574019568848938 0.030307851404025136 0.0027046376581019806 0.005807016148277782 0.16530108980987987 0.20042160528199826 0.07437753559780447 0.46145891337204675 
0.002674953778372212 0.012194642224932143 0.03359427245190984 0.011643916447031982 0.01223397978049644 0.04712639156602809 0.0767475709059439 0.6337673576963927 0.1692301640376067 7.867511112859447E-4 
0.08207946938524842 0.0015967573542958913 0.001995946692869864 0.7200761530430511 0.002149481053859854 0.0016581710986918873 0.0019345329484738685 0.017103727814284837 0.06893692808450531 0.10246883252471903 
0.0060650169820475495 0.006307617661329452 0.0060650169820475495 0.006792819019893256 0.25812712275594374 0.013100436681222707 0.2714701601164483 0.3418243571081999 0.0613779718583212 0.028869480834546338 
0.5102559038456113 0.008774652258555992 6.489292667099286E-4 0.04014897158818385 6.489292667099286E-4 0.03670682504302683 0.05659791778348334 0.06297435318680698 0.21194594137065148 0.07129757639026042 
0.028693528693528692 0.009768009768009768 0.029914529914529916 0.004884004884004884 0.31868131868131866 0.045177045177045176 0.09523809523809523 0.41147741147741146 0.04212454212454213 0.014041514041514042 
0.22176928520877565 0.009483368719037509 0.041500353857041754 0.27498938428874736 0.0013305024769992922 0.012342533616418967 0.05678697806086341 0.14114649681528663 0.04121726822363765 0.1994338287331918 
0.00676923076923077 0.00676923076923077 0.002769230769230769 0.0018461538461538461 0.02 0.04369230769230769 0.07846153846153846 0.7 0.10953846153846154 0.030153846153846153 
0.006485374362644244 0.004741032292691654 0.004249038375525539 0.0086322569102782 0.0016101619107254674 0.018651042132569996 0.2629483853654173 0.4789337150013418 0.14902943018159048 0.06471956346721532 
0.006504262109643276 0.0014139700238354946 0.2647355876055428 0.0030703349088999315 0.016159657415262797 0.030097361935926957 0.3770856057851574 0.027188623601179657 0.2684523088110532 0.005292287803498566 
0.002070393374741201 0.002300437083045779 0.039222452265930526 0.002875546353807223 0.03151598803772717 0.025534851621808144 0.5201288244766505 0.2670807453416149 0.10466988727858294 0.004600874166091558 
0.1354386557460103 0.008106054209237525 0.0013087900025331419 0.08659123532888627 0.003293084522502744 0.05674237946466267 0.06062653043992232 0.5089504348560331 0.0936840327619691 0.045258802668242844 
0.0024264705882352943 0.005955882352941176 0.01125 0.004705882352941176 0.018970588235294118 0.012058823529411764 0.3976470588235294 0.3888235294117647 0.09470588235294118 0.06345588235294118 
0.1050980703565473 0.015524497736837926 0.0022631620741681885 0.23262923846581435 0.011633447153180338 0.006908600015881839 0.08989120940204876 0.23040578098943856 0.11875645199714127 0.18688954180894146 
0.02745995423340961 0.0037185354691075517 0.006292906178489702 0.007151029748283753 0.4233409610983982 0.055205949656750575 0.09267734553775744 0.32780320366132726 0.04691075514874142 0.009439359267734555 
0.04012004422682041 0.0022639919970515454 0.013347022587268994 0.17240562312430896 0.0049491918075080295 0.00768704259464013 0.05344074132575159 0.017058916442900016 0.11364713315432001 0.5750802927394303 
0.0045854031333588076 0.003056935422239205 0.008342886256527831 0.0032479938861291555 8.916061648197682E-4 0.0017832123296395363 0.11399821678767036 0.6657750605018469 0.1285186600433066 0.06980002547446185 
0.049074167762825055 0.005565111808155419 0.005329016155688219 0.10448919019191204 0.27181355189045164 0.0032716111841883367 0.07443758642787278 0.06320617896050457 0.2694863233161321 0.1533272623022699 
0.045692275072443285 0.003321789525761538 0.011449572407944024 0.03049685490140646 0.31051664428581527 0.0030037458477630927 0.29055056894480175 0.11806488091031168 0.08163121068626758 0.10527245741748534 
0.786851844151524 0.0023285791509002453 0.011975549918915548 0.006653083288286415 0.006362010894423884 0.07073059170859496 0.07289284377728804 0.0031186327913842573 0.01746434363175184 0.021622520686930848 
0.006586322869955157 0.006866591928251121 0.011771300448430493 0.0032230941704035876 0.002522421524663677 0.07693385650224215 0.07693385650224215 0.5581558295964125 0.057455156950672645 0.19955156950672645 
0.01938314731191957 0.004643435290108204 0.0028968220158473203 0.024750788105989605 0.3008860867342592 0.006858652125756156 0.2348129845786828 0.1608588225270512 0.12933458294283037 0.1155746783675556 
0.4846131408152848 0.0015678553197695617 0.001349084810034274 0.16021293662947567 0.01174068402246044 0.004156639684970466 0.05472908918544447 0.10905709910304091 0.0835703347188799 0.08900313571063954 
0.22990634701171314 0.001826102835676832 0.0014087079018078419 0.5902225236741189 9.913129679388517E-4 5.478308507030496E-4 6.521795841702971E-4 0.013930555917877547 0.07400933921164532 0.08650510004434821 
0.006686866576115349 0.010448229025180233 0.010657193605683837 0.003656880158813081 0.005119632222338313 0.04722599519381465 0.09769094138543517 0.6391181694702748 0.13864799916414167 0.040748093198202905 
0.014857728383384566 0.0070544652005990385 0.026602033577677937 0.017498226531094823 0.033459446677701586 0.026010877275951763 0.09348151651296603 0.3792464727673997 0.2340190746433357 0.16777015842988885 
0.008854810184848705 0.009266661821353297 0.033687041209390214 0.017733846936550623 0.004736293819802796 0.0020834847493761658 0.19377619497541004 0.0593308622235143 0.6626571698524603 0.00787363422729365 
0.0033031917089888104 7.432181345224824E-4 0.024361038853792476 0.0015277261654073249 0.007432181345224823 0.018208844295800816 0.21825839217143564 0.6288038317023824 0.04376729014410174 0.05359428547834345 
0.006525126606934164 0.0031164783794312427 0.001460849240358395 0.0016556291390728477 0.09855862874951304 0.01938059992208804 0.16770549279314376 0.2910985586287495 0.3987144526684846 0.011784183872224387 
0.0011025358324145535 0.0027887671055191647 0.013035864842077955 0.0030481873013814124 0.0065503599455217585 0.0033076074972436605 0.15026914845320707 0.6782541020818471 0.11842531941111616 0.023218107529671184 
0.34126117518596877 0.0025933255988534773 0.004811301439978161 0.08568211287790896 0.024363611547123454 0.006824541049614413 0.15863645669828705 0.0812461611956596 0.15498532723674333 0.13959598716986282 
0.013215411202602419 0.004981193453288605 0.3443631188370438 0.04650808173223544 0.004625393920910847 0.017078377554132357 0.2239503913794856 0.28875673477686287 0.047677137338619495 0.008844159804818542 
0.020461699895068207 0.011542497376705142 0.034365162644281216 0.0062959076600209865 0.1453305351521511 0.11699895068205667 0.04485834207764953 0.37670514165792235 0.19805876180482687 0.045383001049317945 
0.010630374432933848 0.026034260951994043 0.0061954093032703635 0.03246665312478841 8.802220868034396E-4 0.009411605389667546 0.05955040964181732 0.3575732954160742 0.3201977114225743 0.1770600582300765 
0.011801439458086368 0.0012171888230313294 0.003281117696867062 0.002011007620660457 0.003386960203217612 0.007567739204064353 0.20231795088907706 0.6630503810330228 0.036991955969517355 0.06837425910245555 
0.009117656568269262 0.0071130654078696365 0.0015842736590255101 0.37029971871059525 0.0031362152025607034 0.015163762164958454 0.07517216851498594 0.009376313492191795 0.12153642212809984 0.38750040415144366 
0.0724643055813091 0.0018913406267383646 0.0080474689412201 0.22147227888002965 0.011014277767476358 0.06259966623400705 0.0026701279436306324 0.028184683849434452 0.0025217875023178194 0.5891340626738365 
0.01160013647219379 0.005458887751620608 0.010917775503241215 0.007164790174002047 0.0040941658137154556 0.02490617536676902 0.09007164790174002 0.5564653701808256 0.2691914022517912 0.02012964858410099 
0.2908417274516615 0.0021226506117093128 0.008529196094322875 0.047971903824630464 0.005132955115587974 0.0027401489714792946 0.012427154490370886 0.007911697734552893 0.5032225695650496 0.11909999614063525 
0.0393026941362916 3.8739214650466633E-4 0.004402183483007572 0.004014791336502906 0.7970417326994189 0.026096143687268886 0.03613312202852615 0.05078358865997535 0.02377179080824089 0.018066561014263075 
0.010414638894296281 0.005158652910258906 0.016351956394782947 0.0033093245084679776 0.22454740120693012 0.048763869963013434 0.3178898189604828 0.25024333268444615 0.079326455129453 0.04399454934786841 
0.003942705993911264 0.0025452912112591706 0.006937166242451465 0.005639566801417378 0.0022957528572141537 0.005739382143035384 0.17083395717921845 0.6800419224434796 0.10725158456854819 0.01477267055946499 
0.05763184221809347 0.00975418036301272 0.0022509646991567813 0.02872659711304845 0.5815349435472346 0.013898813777333143 0.08267829069601258 0.09872088037730456 0.06874374732028012 0.056059739888523655 
0.05153085824493732 0.003857280617164899 7.232401157184186E-4 0.04062198649951784 0.5702145612343298 0.01591128254580521 0.109148987463838 0.035619575699132114 0.06002892960462874 0.11234329797492767 
0.33805386351689803 0.011285983735815219 0.0014532636591323706 0.4140255403357967 0.0018861507065335023 0.003957824433381775 0.00392690392999598 0.006184100677159024 0.01400698803376519 0.2052193809715222 
0.08627090478379239 0.011455644733585546 0.005904607007743167 0.4283491850228052 0.0018385602658841 0.010041367605982392 0.020330233709295337 0.08301806739030514 0.10426758123254251 0.2485238482480642 
0.13776357827476038 0.005282215122470714 0.014142705005324814 0.015122470713525026 0.009073482428115016 0.07804046858359957 0.34492012779552716 0.1613205537806177 0.148370607028754 0.08596379126730565 
0.011298854707000153 0.011042062554568332 0.010117610805813774 0.04216527142930512 0.0045195418828000615 0.027528118740691283 0.5665862051255713 0.15017205074212933 0.008474141030250116 0.16809614298187048 
0.10454433598556312 0.04015257156919039 0.0034451644655893693 0.18037896809121484 0.2672873431219752 0.011524895414650151 0.04142400131244361 0.11483881551964564 0.05110327290624231 0.18530063161348537 
9.44081336238199E-4 0.00196078431372549 0.07603485838779957 0.004429920116194626 0.005591866376180102 0.0010893246187363835 0.309440813362382 0.42505446623093684 0.16049382716049382 0.014960058097313 
0.03474921128434914 0.0010516208678158293 0.0021489643820584337 0.368821727401582 0.001005898221389054 0.00189748982671117 0.011407800283480408 0.003406337158794751 0.06648072790453112 0.5090302226692881 
0.005765494767186814 0.0011907000062668421 0.004010778968477784 0.001692047377326565 0.3818386914833615 0.01679513693050072 0.11098577426834617 0.37406780723193583 0.05138810553362161 0.052265463432976125 
0.0022575837278625286 0.004449412589864983 0.006290548833947045 0.005501490443626161 4.1644748378046644E-4 0.001161669296861301 0.22122128704190777 0.004054883394704541 0.7498027354024198 0.004843941785025425 
0.13948927647500625 0.001543853792873237 0.003922223149461737 0.4355336727029959 0.004548109822248185 0.02307435533672703 0.006759576066093633 0.006634398731536343 0.019694567303680213 0.35879996661937746 
0.010638297872340425 0.0022492401215805473 0.009179331306990881 0.005227963525835867 0.01148936170212766 0.02492401215805471 0.1489969604863222 0.5727659574468085 0.14419452887537995 0.07033434650455928 
0.002644336712208021 0.009381099288547504 0.09733677516841907 0.0031480198954857395 0.0012592079581942959 0.01907700056664358 0.11647673613297237 0.6709689605238305 0.07530063590001888 0.004407227853680035 
7.959126036611979E-4 6.161904028344758E-4 0.65606305681789 4.8781740224396007E-4 3.3376980153534107E-4 0.07263344373411385 0.160774345939562 0.10570232868623071 0.0020282934093301497 5.648412025982695E-4 
0.006764069264069264 0.009063852813852814 0.004734848484848485 0.00744047619047619 0.005546536796536797 0.04017857142857143 0.10673701298701299 0.765827922077922 0.033685064935064936 0.02002164502164502 
0.027817631117487647 0.002829587119400606 0.054519368723098996 0.10222381635581061 0.0027498804399808704 9.963334927466923E-4 0.1038578032839152 0.0031085604973696795 0.29746532759445243 0.4044316913757373 
0.003661944685361858 0.0035655777199575986 0.005782017924255565 0.004240146477787415 0.4507082971957213 0.021971668112171147 0.15197070444251712 0.2244386624265202 0.06418039895923677 0.06948058205647104 
8.786158421194918E-4 0.0032441200324412004 0.012638550959718843 0.0017572316842389836 0.0022303325223033254 0.01493646931603136 0.17018113003514462 0.6786969451203028 0.10516355771830224 0.010273046769397134 
0.014088322947710648 0.004154249074324935 0.007902104217465908 0.004334868599295584 0.08543303531111714 0.004425178361780908 0.3688702248713086 0.19999096902375146 0.25914386345163914 0.05165718414160571 
0.06975933031042902 0.0017439832577607255 0.003418207185211022 0.060690617370073245 0.01576560865015696 0.03111266131845134 0.34342518311824205 0.1502615974886641 0.005929543076386466 0.31789326822462505 
0.009664582148948267 0.007390562819783968 0.0062535531552018195 0.010801591813530414 0.21660034110289939 0.007959067652075043 0.008527572484366117 0.3547470153496305 0.3712336554860716 0.006822057987492893 
0.14358230601885424 0.0028243196824548683 0.003396816915384909 0.02873936109308805 0.007862295332239227 0.033319338956528374 0.09171405671539254 0.12644555551314834 0.4837601618258845 0.07835578794702493 
0.663314346742613 0.0013943277560223093 0.0013646612080218347 0.15284205529844547 0.005547644476088762 0.0025216565800403466 0.04966180135279459 0.007980301412127685 0.011569953720185119 0.10380325145366086 
0.020216283234605316 0.004924920787987326 0.010986361757817881 0.0063025210084033615 0.001722000275520044 0.00706020112963218 0.001997520319603251 0.01887312301969968 0.04012260641961703 0.8877944620471139 
0.0020298462579408337 0.009435026124873135 0.00436041048002105 0.17140923955944817 0.0022929744765627937 0.003533436078637748 0.29910160508213357 0.194151035597489 0.21136713904446866 0.10231928729842499 
0.4900829426613776 0.013703570140641904 0.005048683736025965 0.06274792643346556 0.012621709340064912 0.013342949873782907 0.006851785070320952 0.016227912008654886 0.36927515326361343 0.01009736747205193 
0.014356734655949449 0.004367420898573619 0.009710542210658365 0.003112948938345026 0.31389676160386565 0.05598661896575756 0.02378850531989035 0.19797426009385308 0.10802397435301771 0.2687822329600892 
0.020575724601839946 0.0019454611402380717 0.007946714149108056 0.15685692617139843 0.001220034952352689 0.019388663567118408 0.08147855046658094 0.00675965311438652 0.3234081841263561 0.3804200877106209 
0.04854855979095068 0.005795278420449696 0.0017370860381709682 0.696174666996114 9.059802181839964E-4 0.0038111068682285467 0.06696766174741871 0.012908346249167023 0.053235697118084416 0.10991561655323195 
0.02289077828646174 0.01823715852492831 0.002867635961161141 0.6232077275242743 0.0019872214116818435 0.015394677265180862 0.060622830407003066 0.05156713789807315 0.028047492076269054 0.17517734064496654 
0.1142663635044265 0.009022301775434184 0.10270427168496928 0.15231483721155242 0.02365633012432877 0.006796961927337817 0.01884282327898989 0.12890039185332108 0.095762178897973 0.3477335397416671 
0.0669228444367687 0.012521048313976081 0.06592979577738439 0.012521048313976081 0.006044644013643625 0.025517032943309873 0.4601269375242865 0.23228703423859073 0.07266525624973015 0.04546435818833384 
0.044486437541829064 0.002401480256682808 0.5463170741309398 0.0011810558639423646 7.873705759615763E-4 0.1605842289673635 0.08035116727687887 0.12625487185543877 0.037045785598992166 5.905279319711823E-4 
0.002138015739435018 0.002319974525769913 0.12846290315243597 0.0030478096711094938 0.0010007733248419233 0.008870490833826138 0.3769276258927353 0.3257062275394623 0.1321475685757176 0.019378610744666333 
0.004545214312139951 0.005020876275038317 0.06262882511495164 0.011468738438771735 0.003541039057132287 0.021933301622535806 0.27667670841921677 0.3783626658210454 0.10760530627345277 0.12821732466571534 
0.2520242052331032 0.0014062899514190744 0.009971874200971618 0.06021477882894401 0.0012784454103809768 0.07474644166027444 0.5072871388391715 0.04751555441915963 0.008395124861501747 0.037160146595073724 
0.060772773797338794 0.015199590583418628 0.008213920163766632 0.686207778915046 0.0019191402251791197 0.008111566018423746 0.0023029682702149436 0.02082906857727738 0.010081883316274309 0.1863613101330604 
0.16526144013055008 0.0019718501393894065 0.009655266199768817 0.003909702862582444 0.0018698578908002991 0.071020602434215 0.03018970558237574 0.16570340654110288 0.39902767389678384 0.15139049432243148 
0.06443390214543653 0.01529420094880691 5.310486440557955E-4 0.6130779579409474 0.0033279048360829854 0.0026198399773419245 0.044749699072435034 0.04956454011187425 0.10369609856262833 0.10270480776039086 
0.09920463153338384 0.13028892976950546 0.024077480792122064 0.3926793637052267 0.005735310031381885 0.010307326046964615 0.022833026728709013 0.091629693756087 0.09070987988312953 0.13253435775348987 
0.007611966719773411 0.03434236147990795 0.02496016994158258 0.006195786864931847 0.006195786864931847 0.07381837493361657 0.5613382899628253 0.19985838201451583 0.0283235970968313 0.05735528412108338 
0.4562572694979724 0.002546289019521549 0.0066329257175190975 0.15966175222407344 0.05290622740561441 0.060073559460563954 0.07289931155889472 0.0364653736129012 0.031687152242934835 0.1208701392600044 
0.049238022510707524 0.004283010724127627 0.3345396593512401 0.0015604767754573525 0.002124904545303629 0.19150702214548956 0.15687771838374448 0.010458514558916299 0.2216541053819848 0.027756565623028653 
0.30162298497642287 0.009376028073253646 0.02615418357276017 0.06141024235113499 0.004331615308696129 0.008224586029169865 0.37016120188617174 0.043096830792850094 0.039203860072376355 0.13641846693716417 
0.03039942165190674 0.002964033977950479 0.04731610337972167 0.010627146213627326 0.3488884872582686 0.01980842219410808 0.420892824868968 0.051147659497560095 0.017964937646846195 0.04999096331104284 
0.33906743451606913 0.27538547278469255 0.007096414638677317 0.13516626416496377 0.0019320081738807356 0.030540590748653167 9.660040869403678E-4 0.02500464425041798 0.03882593349433401 0.146015233141371 
0.11066062485094205 0.007393274505127593 0.07822561411876938 0.08728833770569998 0.005723825423324589 0.09611256856665872 0.0622466014786549 0.03291199618411639 0.2551872167898879 0.2642499403768185 
0.43672883787661404 0.02807952449272392 0.0015167042426726788 0.043861447017831526 0.0014347202295552368 0.018979299036687845 0.014265218282434926 0.029473252715720436 0.3252305800368928 0.10043041606886657 
0.008306100217864924 0.002042483660130719 0.36887254901960786 0.01715686274509804 0.002178649237472767 0.02423747276688453 0.16693899782135077 0.014161220043572984 0.3860294117647059 0.010076252723311547 
0.016369850692570607 0.0062960964202194636 0.053067098398992624 0.010793308148947653 0.09480122324159021 0.125562151466091 0.12628170534268754 0.30545062061521855 0.038855909336211546 0.22252203633747078 
0.007156943825943126 0.03778866340097971 0.04885806985177174 0.011101215090018449 0.0010814937336980723 0.5625675933583562 0.06498504993956358 0.07799478338316687 0.0034989503149055285 0.1849672371015968 
0.2975063705860939 0.0023662176920276664 0.06934838005096469 0.010079177284310157 0.0013196214051692755 0.08368219876228614 0.17136876592646524 0.0025254823443756824 0.3195531488896978 0.04225063705860939 
0.0092506579965939 0.027945502399752284 0.0929710481498684 0.0012772875058058523 0.0020126954636940702 0.024578108066264127 0.25 0.47186096919027715 0.016062858027558444 0.10404087320018579 
0.03998191104490317 0.008991274739306235 0.8792562247286657 5.852309001915301E-4 0.0017556927005745904 0.02713343264524367 6.650351138540115E-4 4.7882528197488826E-4 0.017583528410300062 0.023568844434986167 
0.04000683877585912 0.009873482646606258 0.020046161737049067 0.0612497862882544 0.2174303299709352 0.015344503333903232 0.2533766455804411 0.08881860147033681 0.04936741323303129 0.24448623696358351 
0.004767959313413859 0.0050858232676414495 0.014621741894469168 0.003178639542275906 0.0034965034965034965 0.0034965034965034965 0.1621106166560712 0.7107438016528925 0.08582326764144946 0.006675143038779402 
0.0034667194928684627 0.01347068145800317 0.034270998415213944 0.0016838351822503963 0.0071315372424722665 0.0034667194928684627 0.2834786053882726 0.5944928684627575 0.017036450079239304 0.04150158478605388 
0.03962680908581413 0.012033099264827086 0.012560577588764712 0.11667161177595359 0.0040220222200243955 0.0636930076154683 0.21240892757063265 0.26799195595555997 0.07648435697095572 0.19450763195199947 
0.029585798816568046 0.04339250493096647 0.021696252465483234 0.03550295857988166 0.029585798816568046 0.15779092702169625 0.05917159763313609 0.5463510848126233 0.029585798816568046 0.047337278106508875 
0.02631578947368421 0.029605263157894735 0.023026315789473683 0.03289473684210526 0.049342105263157895 0.03618421052631579 0.09539473684210527 0.5723684210526315 0.10855263157894737 0.02631578947368421 
0.011032097803321806 0.017851054502946762 0.01909307875894988 0.016000194827334276 0.24377770201159224 0.002264867760946861 0.23717792606302665 0.2642102186936827 0.07461886902732454 0.11397399055087429 
0.0030139797357958188 0.006348595613697576 0.008015903552648454 0.0031422341926381943 0.0022444529947415674 0.07804283698858536 0.11574964730024369 0.6516608952161087 0.12774143901500576 0.004040015390534821 
0.4873100138171769 0.01221729328776089 0.003272489273507381 0.20562140935204712 0.001236273725547233 0.001418078685186532 0.013671732964875281 0.004690567958693913 0.08701185368336849 0.18355028725183622 
0.07557742244089108 0.0034394788392328366 0.024964694091385357 0.4118718964967427 0.0019361304724158353 0.005648945378342672 0.03733315110928887 9.794542389868343E-4 0.172361168056125 0.2658876588765888 
0.013022182451843828 0.0013187020204398813 0.001766118777374841 0.2755851740215702 0.004521264070079593 0.008288984128479254 0.2122874770404559 0.024160504874487825 0.111077096971695 0.3479724956435737 
0.02817044645581206 0.004373029594223533 0.006254449303366215 0.2961964812366521 0.006813790297976203 0.01876334791009865 0.200447472795688 0.04164547950777992 0.027560256279873893 0.36977524661852945 
0.024986849026827986 8.76731544800982E-4 0.006224793968086972 0.3207083990881992 0.001753463089601964 0.008328949675609328 0.07162896721024023 8.76731544800982E-4 0.35525162195335785 0.20936349289847447 
0.01384083044982699 0.010380622837370242 0.01730103806228374 0.014994232987312572 0.008073817762399077 0.06113033448673587 0.7116493656286044 0.104959630911188 0.0392156862745098 0.01845444059976932 
0.00903954802259887 0.025047080979284368 0.004708097928436911 0.02598870056497175 0.008851224105461394 0.1975517890772128 0.2903954802259887 0.22033898305084745 0.030696798493408662 0.1873822975517891 
0.015070921985815602 0.012411347517730497 0.007978723404255319 0.08687943262411348 0.010638297872340425 0.21010638297872342 0.41400709219858156 0.16312056737588654 0.03546099290780142 0.044326241134751775 
0.004368658399098084 0.02733934611048478 0.020574971815107104 0.002113866967305524 0.0014092446448703494 0.038472378804960544 0.5352311161217588 0.05157835400225479 0.25465050732807215 0.06426155580608793 
0.024229074889867842 0.011013215859030838 0.17929515418502204 0.1013215859030837 0.016740088105726872 0.1894273127753304 0.22026431718061673 0.04008810572687225 0.08766519823788546 0.1299559471365639 
0.016932595245848257 0.014327580592640833 0.023445131878866817 0.021165744057310323 0.024096385542168676 0.07294041028980788 0.023445131878866817 0.7658743080429827 0.022793878215564962 0.014978834255942689 
0.011928429423459244 0.033797216699801194 0.03180914512922465 0.039761431411530816 0.03578528827037773 0.04771371769383698 0.1312127236580517 0.5308151093439364 0.08946322067594434 0.04771371769383698 
0.001194947080914988 0.0018777739842949811 0.12256742915670878 0.001109593717992489 0.0018777739842949811 0.099522021167634 0.05069989757596449 0.7076647319904404 0.00802321611471492 0.0054626152270399455 
0.011933821535123406 0.005153241117439653 0.03580146460537022 0.014646053702196907 0.004882017900732303 0.01871440195280716 0.6842961757526445 0.15269867100623813 0.05858421480878763 0.013289937618660158 
0.003941239699032604 0.007524184879971337 0.18380508778215693 0.006091006807595844 0.003941239699032604 0.03188821211035471 0.20494446434969546 0.0200644930132569 0.5299175922608385 0.007882479398065209 
0.01248642779587405 0.013572204125950055 0.0722041259500543 0.026601520086862108 0.009229098805646038 0.0494028230184582 0.3284473398479913 0.0249728555917481 0.40445168295331163 0.05863192182410423 
0.012437810945273632 0.3756218905472637 0.014925373134328358 0.01990049751243781 0.05472636815920398 0.2512437810945274 0.0945273631840796 0.1044776119402985 0.0472636815920398 0.024875621890547265 
0.006310475389145982 0.012200252419015565 0.05384938998737905 0.002524190155658393 0.005048380311316786 0.15439629785443837 0.2860748843079512 0.27008834665544806 0.19899032393773664 0.01051745898190997 
0.005686433793663688 0.003858651502843217 0.16795288383428109 0.004061738424045491 0.012794476035743298 0.057676685621445976 0.5052802599512591 0.1173842404549147 0.09281072298943949 0.03249390739236393 
0.00352685838307108 0.007596310363537711 0.0032555615843733042 0.010037981551817688 0.02984264785675529 0.021975040694519804 0.027129679869777535 0.07406402604449268 0.75122083559414 0.07135105805751492 
0.0010096374483708123 6.883891693437356E-4 0.025516291877007803 0.0013767783386874712 0.0012391005048187243 0.018219366681964205 0.44469940339605324 0.01216154199173933 0.4940798531436439 0.0010096374483708123 
0.003307276007215875 0.006915213469633193 0.03607937462417318 0.004509921828021648 0.0024052916416115455 0.008719182200841852 0.039085989176187615 0.009320505111244739 0.8845460012026458 0.005111244738424534 
0.010342598577892695 0.012281835811247576 0.014221073044602456 0.019392372333548805 0.007756948933419522 0.059469941822882996 0.06722689075630252 0.025210084033613446 0.5940530058177117 0.19004524886877827 
6.408202499198974E-4 0.0013884438748264444 0.962191605254726 0.001815657374773043 0.004272134999465983 0.017408950122823882 0.0030972978746128376 0.00523336537434583 0.0021360674997329917 0.001815657374773043 
0.0963855421686747 0.020654044750430294 0.012048192771084338 0.06196213425129088 0.17555938037865748 0.0774526678141136 0.09466437177280551 0.10843373493975904 0.027538726333907058 0.3253012048192771 
0.06688963210702341 0.021181716833890748 0.011148272017837236 0.10813823857302118 0.014492753623188406 0.5473801560758083 0.0189520624303233 0.03901895206243032 0.010033444816053512 0.16276477146042365 
0.11079230846672707 0.004228329809725159 0.053760193295077016 0.0024665257223396757 0.007097553609181516 0.09352662841034934 0.278767743884023 0.19626497533474277 0.10867814356186449 0.14441759790597 
0.021370670596904937 0.005591919892496424 0.021630759894230352 0.017512679353244614 0.049633707572933373 0.018336295461441762 0.10113138844336556 0.6021500715245568 0.1329923273657289 0.029650179895097318 
0.010803882072880425 0.022706464017579198 0.0637245925654642 0.006958432521516206 0.0025636330342428126 0.021973997436366965 0.5612525178538729 0.035158395898187145 0.21314777513275956 0.06171030946713056 
0.00204865556978233 0.004481434058898848 0.0028169014084507044 0.008450704225352112 0.006402048655569782 0.04046094750320103 0.21088348271446863 0.6571062740076825 0.016005121638924456 0.05134443021766966 
0.002148906585766654 0.0016432815067627354 0.8998862343572241 0.0015168752370117557 0.002907344204272532 0.05852610289470358 0.0022753128555176336 0.02882062950322336 0.0011376564277588168 0.0011376564277588168 
